[gd_scene load_steps=18 format=3 uid="uid://cfbfw0dhfdbqv"]

[ext_resource type="PackedScene" uid="uid://dtorr3pgstdk4" path="res://03_Assets/rocks/rock_25.tscn" id="1_kwqww"]
[ext_resource type="PackedScene" uid="uid://cmmy7s4shu20h" path="res://03_Assets/rocks/rock_24.tscn" id="2_eeyhr"]
[ext_resource type="PackedScene" uid="uid://d0qa7hk0p7ce" path="res://03_Assets/rocks/rock_14.tscn" id="3_xyu3v"]
[ext_resource type="PackedScene" uid="uid://dtyx4ywuw4jkd" path="res://03_Assets/rocks/rock_16.tscn" id="4_fu56r"]
[ext_resource type="PackedScene" uid="uid://bdx0t0rn033iq" path="res://03_Assets/rocks/rock_19.tscn" id="5_nfjdu"]
[ext_resource type="PackedScene" uid="uid://ddo18chl0uld0" path="res://03_Assets/rocks/rock_21.tscn" id="6_0cpp1"]
[ext_resource type="PackedScene" uid="uid://dpc1qbgdqj3y8" path="res://03_Assets/rocks/rock_22.tscn" id="7_x7dds"]
[ext_resource type="PackedScene" uid="uid://b45yrs8idkisn" path="res://03_Assets/rocks/rock_11.tscn" id="8_2t0pf"]
[ext_resource type="PackedScene" uid="uid://cs1a2go4ngowe" path="res://03_Assets/rocks/rock_6.tscn" id="9_sscj0"]
[ext_resource type="PackedScene" uid="uid://bv6166ijrc57k" path="res://03_Assets/rocks/rock_2.tscn" id="10_fpiar"]
[ext_resource type="PackedScene" uid="uid://b046kyvk1lb4y" path="res://03_Assets/rocks/rock_7.tscn" id="11_qcsrx"]
[ext_resource type="PackedScene" uid="uid://7s6183671wlx" path="res://03_Assets/rocks/rock_15.tscn" id="12_66kwm"]
[ext_resource type="PackedScene" uid="uid://bkvdelfus6x2t" path="res://03_Assets/rocks/rock_23.tscn" id="13_a2huu"]
[ext_resource type="PackedScene" uid="uid://icme1cvo3yy3" path="res://03_Assets/rocks/rock_9.tscn" id="14_g7a8l"]
[ext_resource type="PackedScene" uid="uid://dsfdgx0tpg0nd" path="res://03_Assets/rocks/rock_5.tscn" id="15_qyvay"]
[ext_resource type="PackedScene" uid="uid://dgegfd2p8sof6" path="res://03_Assets/rocks/rock_10.tscn" id="16_11apj"]
[ext_resource type="PackedScene" uid="uid://dpt5bsu4igfen" path="res://03_Assets/rocks/rock_18.tscn" id="17_0ub2w"]

[node name="Node3D" type="Node3D"]

[node name="wall" type="Node3D" parent="."]
transform = Transform3D(6.973286, 0.29642528, 0.53423893, -0.2955592, 6.9937205, -0.02264345, -0.53471863, 3.259629e-09, 6.979547, -4.2949877, -3.0223022, -6.138816)

[node name="rock_25" parent="wall" instance=ExtResource("1_kwqww")]
transform = Transform3D(1, 0, 0, 0, 1, 0, 0, 0, 1, 0.25245386, 0.5, 1.0680716)

[node name="rock_24" parent="wall" instance=ExtResource("2_eeyhr")]
transform = Transform3D(1, 0, 0, 0, 1, 0, 0, 0, 1, 0.33406597, 0.5, 1.0768389)

[node name="rock_14" parent="wall" instance=ExtResource("3_xyu3v")]
transform = Transform3D(1, 0, 0, 0, 1, 0, 0, 0, 1, 0.41829342, 0.5, 1.0801699)

[node name="rock_16" parent="wall" instance=ExtResource("4_fu56r")]
transform = Transform3D(1, 0, 0, 0, 1, 0, 0, 0, 1, 0.32200795, 0.5, 1.0348744)

[node name="rock_19" parent="wall" instance=ExtResource("5_nfjdu")]
transform = Transform3D(1, 0, 0, 0, 1, 0, 0, 0, 1, 0.34853107, 0.53223, 1.0239513)

[node name="rock_21" parent="wall" instance=ExtResource("6_0cpp1")]
transform = Transform3D(1, 0, 0, 0, 1, 0, 0, 0, 1, 0.296402, 0.53723276, 1.0422943)

[node name="rock_22" parent="wall" instance=ExtResource("7_x7dds")]
transform = Transform3D(1, 0, 0, 0, 1, 0, 0, 0, 1, 0.35540745, 0.5612211, 1.0467871)

[node name="rock_11" parent="wall" instance=ExtResource("8_2t0pf")]
transform = Transform3D(1, 0, 0, 0, 1, 0, 0, 0, 1, 0.413915, 0.5505255, 1.0638114)

[node name="rock_6" parent="wall" instance=ExtResource("9_sscj0")]
transform = Transform3D(1, 0, 0, 0, 1, 0, 0, 0, 1, 0.21909232, 0.508927, 1.032434)

[node name="rock_2" parent="wall" instance=ExtResource("10_fpiar")]
transform = Transform3D(0.33628994, 0, 0.9417585, 0, 1, 0, -0.9417585, 0, 0.33628994, 0.56297755, 0.5, 1.079362)

[node name="rock_7" parent="wall" instance=ExtResource("11_qcsrx")]
transform = Transform3D(1, 0, 0, 0, 1, 0, 0, 0, 1, 0.7007957, 0.5, 1.0963905)

[node name="rock_15" parent="wall" instance=ExtResource("12_66kwm")]
transform = Transform3D(1, 0, 0, 0, 1, 0, 0, 0, 1, 0.45072076, 0.56839794, 1.0860512)

[node name="rock_26" parent="wall" instance=ExtResource("1_kwqww")]
transform = Transform3D(1, 0, 0, 0, 1, 0, 0, 0, 1, 0.62351125, 0.5447193, 1.080899)

[node name="rock_27" parent="wall" instance=ExtResource("2_eeyhr")]
transform = Transform3D(1, 0, 0, 0, 1, 0, 0, 0, 1, 0.52342165, 0.56694883, 1.0796692)

[node name="rock_23" parent="wall" instance=ExtResource("13_a2huu")]
transform = Transform3D(1, 0, 0, 0, 1, 0, 0, 0, 1, 0.59412587, 0.5640249, 1.0701618)

[node name="rock_28" parent="wall" instance=ExtResource("1_kwqww")]
transform = Transform3D(-0.99218327, -0.12069128, 0.031717964, -0.12062965, 0.9926901, 0.0038562708, -0.031951528, 0, -0.9994894, 0.67221516, 0.60415953, 1.0657659)

[node name="rock_29" parent="wall" instance=ExtResource("2_eeyhr")]
transform = Transform3D(-0.99218327, -0.12069128, 0.031717964, -0.12062965, 0.9926901, 0.0038562708, -0.031951528, 0, -0.9994894, 0.5915191, 0.59434855, 1.0543954)

[node name="rock_17" parent="wall" instance=ExtResource("3_xyu3v")]
transform = Transform3D(-0.99218327, -0.12069128, 0.031717964, -0.12062965, 0.9926901, 0.0038562708, -0.031951528, 0, -0.9994894, 0.5080557, 0.58420104, 1.0483749)

[node name="rock_18" parent="wall" instance=ExtResource("4_fu56r")]
transform = Transform3D(-0.99218327, -0.12069128, 0.031717964, -0.12062965, 0.9926901, 0.0038562708, -0.031951528, 0, -0.9994894, 0.6021519, 0.59564126, 1.0967237)

[node name="rock_20" parent="wall" instance=ExtResource("5_nfjdu")]
transform = Transform3D(-0.99218327, -0.12069128, 0.031717964, -0.12062965, 0.9926901, 0.0038562708, -0.031951528, 0, -0.9994894, 0.5715997, 0.62439406, 1.1067939)

[node name="rock_30" parent="wall" instance=ExtResource("6_0cpp1")]
transform = Transform3D(-0.99218327, -0.12069128, 0.031717964, -0.12062965, 0.9926901, 0.0038562708, -0.031951528, 0, -0.9994894, 0.6232993, 0.6357193, 1.0901258)

[node name="rock_31" parent="wall" instance=ExtResource("7_x7dds")]
transform = Transform3D(-0.99218327, -0.12069128, 0.031717964, -0.12062965, 0.9926901, 0.0038562708, -0.031951528, 0, -0.9994894, 0.5620024, 0.65243185, 1.0837499)

[node name="rock_12" parent="wall" instance=ExtResource("8_2t0pf")]
transform = Transform3D(-0.99218327, -0.12069128, 0.031717964, -0.12062965, 0.9926901, 0.0038562708, -0.031951528, 0, -0.9994894, 0.505783, 0.63482225, 1.064865)

[node name="rock_8" parent="wall" instance=ExtResource("9_sscj0")]
transform = Transform3D(-0.99218327, -0.12069128, 0.031717964, -0.12062965, 0.9926901, 0.0038562708, -0.031951528, 0, -0.9994894, 0.7031082, 0.61690825, 1.1024512)

[node name="rock_3" parent="wall" instance=ExtResource("10_fpiar")]
transform = Transform3D(-0.3635319, -0.12069128, -0.92373055, -0.044198215, 0.9926901, -0.112307176, 0.9305327, 0, -0.36620885, 0.36447686, 0.56674474, 1.0445595)

[node name="rock_9" parent="wall" instance=ExtResource("11_qcsrx")]
transform = Transform3D(-0.99218327, -0.12069128, 0.031717964, -0.12062965, 0.9926901, 0.0038562708, -0.031951528, 0, -0.9994894, 0.22827613, 0.55018544, 1.0231363)

[node name="rock_32" parent="wall" instance=ExtResource("12_66kwm")]
transform = Transform3D(-0.99218327, -0.12069128, 0.031717964, -0.12062965, 0.9926901, 0.0038562708, -0.031951528, 0, -0.9994894, 0.46781334, 0.64821, 1.0414605)

[node name="rock_33" parent="wall" instance=ExtResource("1_kwqww")]
transform = Transform3D(-0.99218327, -0.12069128, 0.031717964, -0.12062965, 0.9926901, 0.0038562708, -0.031951528, 0, -0.9994894, 0.2990679, 0.6038409, 1.041089)

[node name="rock_34" parent="wall" instance=ExtResource("2_eeyhr")]
transform = Transform3D(-0.99218327, -0.12069128, 0.031717964, -0.12062965, 0.9926901, 0.0038562708, -0.031951528, 0, -0.9994894, 0.3956532, 0.63797694, 1.0455163)

[node name="rock_35" parent="wall" instance=ExtResource("13_a2huu")]
transform = Transform3D(-0.99218327, -0.12069128, 0.031717964, -0.12062965, 0.9926901, 0.0038562708, -0.031951528, 0, -0.9994894, 0.32555297, 0.6265088, 1.0527598)

[node name="rock_4" parent="wall" instance=ExtResource("10_fpiar")]
transform = Transform3D(0.33628994, 0, 0.9417585, 0, 1, 0, -0.9417585, 0, 0.33628994, 0.3612608, 0.640181, 1.0332376)

[node name="rock_10" parent="wall" instance=ExtResource("14_g7a8l")]
transform = Transform3D(1, 0, 0, 0, 1, 0, 0, 0, 1, 0.49882948, 0.6714674, 1.0507147)

[node name="rock_13" parent="wall" instance=ExtResource("14_g7a8l")]
transform = Transform3D(1, 0, 0, 0, 1, 0, 0, 0, 1, 0.65434575, 0.64120036, 1.0873563)

[node name="rock_36" parent="wall" instance=ExtResource("11_qcsrx")]
transform = Transform3D(-0.11452103, 0, 0.99342084, 0, 1, 0, -0.99342084, 0, -0.11452103, 0.6345003, 0.66487783, 1.088489)

[node name="rock_37" parent="wall" instance=ExtResource("11_qcsrx")]
transform = Transform3D(0.3420038, 0, -0.9396986, 0, 1, 0, 0.9396986, 0, 0.3420038, 0.33726144, 0.70432436, 1.0455602)

[node name="rock_38" parent="wall" instance=ExtResource("8_2t0pf")]
transform = Transform3D(0.6377491, 0.64967346, 0.41376355, -0.544273, -2.3790927e-08, 0.83890814, 0.5450165, -0.76021314, 0.3535998, 0.4138688, 0.67199373, 1.0728754)

[node name="rock_39" parent="wall" instance=ExtResource("8_2t0pf")]
transform = Transform3D(0.6377491, 0.64967346, 0.41376355, -0.544273, -2.3790927e-08, 0.83890814, 0.5450165, -0.76021314, 0.3535998, 0.53216183, 0.68099594, 1.0756353)

[node name="rock_5" parent="wall" instance=ExtResource("15_qyvay")]
transform = Transform3D(0.07120154, 0, -0.997462, 0, 1, 0, 0.997462, 0, 0.07120154, 0.58526987, 0.7153006, 1.0661106)

[node name="rock_40" parent="wall" instance=ExtResource("9_sscj0")]
transform = Transform3D(-0.8241754, -0.56633425, 0, 0.56633425, -0.8241754, 0, 0, 0, 1, 0.4430372, 0.6753664, 1.0238775)

[node name="rock_41" parent="wall" instance=ExtResource("14_g7a8l")]
transform = Transform3D(1, 0, 0, 0, 1, 0, 0, 0, 1, 0.22088595, 0.6108557, 1.0178723)

[node name="rock_42" parent="wall" instance=ExtResource("16_11apj")]
transform = Transform3D(1, 0, 0, 0, 1, 0, 0, 0, 1, 0.22593017, 0.6332076, 1.0185709)

[node name="rock_43" parent="wall" instance=ExtResource("8_2t0pf")]
transform = Transform3D(0.6377491, 0.64967346, 0.41376355, -0.544273, -2.3790927e-08, 0.83890814, 0.5450165, -0.76021314, 0.3535998, 0.2509573, 0.67855996, 1.0423856)

[node name="rock_44" parent="wall" instance=ExtResource("16_11apj")]
transform = Transform3D(1, 0, 0, 0, 1, 0, 0, 0, 1, 0.77317715, 0.5, 1.1066139)

[node name="rock_45" parent="wall" instance=ExtResource("14_g7a8l")]
transform = Transform3D(1, 0, 0, 0, 1, 0, 0, 0, 1, 0.74002254, 0.6510539, 1.0931864)

[node name="rock_46" parent="wall" instance=ExtResource("17_0ub2w")]
transform = Transform3D(1, 0, 0, 0, 1, 0, 0, 0, 1, 0.71748817, 0.67487663, 1.0965688)
